3
67
0.141711
0.2

 -0.0072788   0.0519389  -0.0524464    -7.45179    -3.85313     4.40254     0.32205     1.58653    0.472324    0.287218   0.0828764   0.0562261     7.06799   -0.189643     2.56348    0.949919 -0.00761508    0.165942   0.0618636      3.3024   -0.242183     1.55137   0.0993255 -0.00600443   -0.351281   0.0158811   -0.918265    -1.46364    0.217669   0.0530662  0.00695762    -2.26547  -0.0364637     0.20941  -0.0306875     1.52867     8.29299  -0.0113159  -0.0229076   -0.167966    -2.06053    0.718709    -3.49139     -2.7107  -0.0220934  -0.0453782    0.106906    -3.22052    -1.94699   0.0497778   -0.185009    -0.62813   -0.192926   -0.526075  -0.0397991  -0.0172598   -0.117167   -0.054619   -0.163893   -0.476864  -0.0262279   -0.224171   -0.332968   -0.471358   -0.386387   0.0768821    0.117641

-0.743946 -0.606763 -0.745751 -0.722954 -0.526253 -0.467331 -0.420473 -0.634672 -0.425411 -0.826916 -0.624392 -0.397311  -0.73067 -0.806846  -0.57998 -0.448945 -0.796967 -0.842776 -0.404683  -0.67082 -0.454824  -0.68495 -0.627526 -0.723662 -0.518658 -0.632442 -0.408563 -0.829888 -0.805677 -0.632902 -0.614722 -0.436043 -0.523882  -0.40306 -0.715321 -0.818377 -0.778191 -0.796116 -0.442967 -0.738935 -0.591414 -0.670554 -0.720824 -0.819744  -0.76137 -0.543444 -0.556095 -0.737371 -0.731953 -0.597139 -0.534343 -0.506821 -0.726535 -0.727311 -0.728075 -0.526526 -0.721312 -0.721073 -0.719753 -0.732795 -0.728631  -0.73009 -0.732052 -0.733548 -0.538726 -0.604937 -0.605484
-0.161989 -0.005423 -0.157681  -0.08855  0.113985  0.212417  0.286866 -0.154754 -0.220926  -0.22165   0.01734 -0.019395    0.0025  0.222647 -0.016011  0.002425  0.194487  0.067153 -0.050186 -0.174607 -0.150054  0.297369   0.29926 -0.174983  0.209826  0.019333 -0.120112  0.122754  0.294597  0.030704  -0.00222  0.272936   0.20447 -0.191113 -0.170949  0.293168  -0.14288  0.193266 -0.139137 -0.157175 -0.220874  0.245761 -0.082846 -0.216624 -0.106134  0.130241 -0.219651  0.295824 -0.082608 -0.011804   0.11348  0.108299 -0.067749 -0.067836 -0.067936  0.125378 -0.081611 -0.081809  -0.08324  -0.07503 -0.087867 -0.086003 -0.083726 -0.082124  0.127674 -0.006018 -0.006838
0.459298 0.532645 0.456197 0.186346 0.185448 0.198083 0.538614 0.204939 0.194535 0.537963 0.421799 0.533536 0.204168 0.437608 0.206878 0.192327 0.453899 0.537456 0.535116 0.199647 0.432785 0.189132 0.535348 0.441518 0.461767 0.458531 0.184567 0.186416 0.538971 0.538314 0.413822 0.186231 0.439272 0.540337 0.438236 0.189149 0.200664 0.450481 0.440432 0.456414 0.187799 0.194122 0.200161 0.189076 0.473282 0.286902 0.534808 0.184687 0.237212  0.20235 0.240286 0.239943 0.236969 0.236883 0.236783 0.239984 0.238323 0.238342 0.238426 0.236702 0.237544 0.237424 0.237186 0.236949 0.239516 0.203043 0.203054
