  -9.9836897e-04  -1.0007802e-03   7.6532727e-01
  -6.6465469e-01  -2.1783919e-01   4.6243972e-01
  -3.9393735e-01  -2.1250517e-02   4.9616971e-01
   1.0684488e-02  -3.6365904e-01   4.9767455e-01
  -2.2792759e-01  -6.8448375e-01   4.6548642e-01
   1.2445826e-04  -8.8879537e-04   1.0853121e+00
  -2.2920330e-01   4.1341722e-01   8.6686367e-01
   5.6420394e-01   3.9149723e-01   4.6951466e-01
   3.5504813e-01   1.1215307e-01   4.9005628e-01
  -4.7591240e-01   2.4561230e-03   8.8718753e-01
   3.5561533e-01  -6.3923764e-01   4.9477498e-01
  -4.3038849e-02   6.9721835e-01   4.4352840e-01
   4.0512668e-01  -3.7451084e-01   2.6650846e-01
   2.1809793e-01  -4.0848961e-01   8.8452019e-01
  -1.0776939e-01   3.6431336e-01   4.8553010e-01
   7.3333600e-01  -9.1772320e-02   4.8609751e-01
  -2.3325989e-01  -4.0379761e-01   8.6479112e-01
  -6.1390157e-01   3.1458807e-01   4.5022111e-01
   4.7398015e-01   7.6974307e-03   8.8531081e-01
   2.2515330e-01   4.1071750e-01   8.6841015e-01
