   4.8401351e-02  -3.1836673e-03   8.2649551e-04
  -3.1836673e-03   3.6599609e-02   3.4015572e-04
   8.2649551e-04   3.4015572e-04   1.7806820e-02
   1.9766519e-02  -1.9445861e-02   3.8675173e-03
  -1.9445861e-02   4.4868245e-02  -1.5296992e-04
   3.8675173e-03  -1.5296992e-04   2.7540968e-02
   1.8659055e-02  -5.2263936e-03   2.8982221e-03
  -5.2263936e-03   3.3178351e-02  -3.9174999e-04
   2.8982221e-03  -3.9174999e-04   3.0353619e-02
   8.0998266e-02   5.9713970e-03   1.6585585e-02
   5.9713970e-03   1.3119036e-02   1.9690874e-03
   1.6585585e-02   1.9690874e-03   2.6633654e-02
   3.6007172e-02  -1.2381615e-03   4.0147174e-03
  -1.2381615e-03   9.8713028e-03   2.6125448e-03
   4.0147174e-03   2.6125448e-03   2.5435485e-02
   2.1403741e-02   2.4615043e-04   2.0606388e-05
   2.4615043e-04   2.0502134e-02   2.4966860e-06
   2.0606388e-05   2.4966860e-06   8.7753924e-03
   1.9777603e-02   3.1275271e-04   4.5995470e-03
   3.1275271e-04   2.0907409e-02  -8.9324790e-03
   4.5995470e-03  -8.9324790e-03   2.1283393e-02
   2.4183412e-02  -2.5586410e-02  -2.4402267e-03
  -2.5586410e-02   5.1781762e-02  -3.2852814e-03
  -2.4402267e-03  -3.2852814e-03   2.8327069e-02
   2.0504934e-02  -1.7656628e-02   1.5631026e-03
  -1.7656628e-02   7.4010612e-02  -1.2092991e-02
   1.5631026e-03  -1.2092991e-02   2.7121246e-02
   1.9225646e-02  -4.3439251e-04   8.5307635e-03
  -4.3439251e-04   2.1519048e-02  -6.1207440e-04
   8.5307635e-03  -6.1207440e-04   1.7940541e-02
   2.1002013e-02   4.8184495e-03  -2.5840153e-03
   4.8184495e-03   1.6042579e-02   4.1598759e-03
  -2.5840153e-03   4.1598759e-03   2.0349191e-02
   7.3211687e-02   2.8442753e-04   5.9254924e-04
   2.8442753e-04   8.8278021e-03  -2.3325036e-03
   5.9254924e-04  -2.3325036e-03   2.4469125e-02
   5.8389097e-02   3.3462834e-02   5.5952069e-04
   3.3462834e-02   6.5678618e-02   8.2135006e-05
   5.5952069e-04   8.2135006e-05   4.9778307e-03
   1.9467318e-02   1.5364088e-03  -2.6238440e-03
   1.5364088e-03   1.9905179e-02   7.4922231e-03
  -2.6238440e-03   7.4922231e-03   1.7832917e-02
   5.0300439e-02   6.3961322e-04   5.3671433e-03
   6.3961322e-04   1.3593761e-02  -1.5275924e-03
   5.3671433e-03  -1.5275924e-03   2.9030388e-02
   1.3079648e-02   8.0906601e-03  -5.0690408e-03
   8.0906601e-03   2.9890707e-02  -3.5110235e-03
  -5.0690408e-03  -3.5110235e-03   2.2228884e-02
   2.0117333e-02  -4.0562770e-04   4.7583383e-03
  -4.0562770e-04   1.8625713e-02   6.1819786e-03
   4.7583383e-03   6.1819786e-03   2.0139366e-02
   2.6204179e-02   2.9004558e-02   2.5396336e-03
   2.9004558e-02   5.6918784e-02  -1.3073900e-03
   2.5396336e-03  -1.3073900e-03   2.6276988e-02
   1.8489402e-02   5.9418935e-04  -7.6081419e-03
   5.9418935e-04   2.1044626e-02  -1.1016258e-03
  -7.6081419e-03  -1.1016258e-03   1.7655429e-02
   1.8815532e-02  -8.5880301e-04  -3.4346027e-03
  -8.5880301e-04   2.0446425e-02  -8.0607636e-03
  -3.4346027e-03  -8.0607636e-03   2.0367649e-02
